2000 3000
1929 548 129
548 1229 165
1229 1734 131
1734 1505 116
1505 982 152
982 857 38
857 1409 17
1409 1419 96
1419 1441 152
1441 1227 41
1227 1829 19
1829 1485 49
1485 825 141
825 1638 72
1638 159 129
159 294 6
294 1827 175
1827 1566 48
1566 1164 156
1164 893 72
893 147 26
147 968 194
968 1346 171
1346 1496 44
1496 1547 118
1547 1050 107
1050 498 192
498 597 134
597 403 72
403 84 175
84 1400 163
1400 1813 187
1813 217 58
217 304 163
304 838 139
838 1673 181
1673 911 104
911 1180 149
1180 1277 13
1277 1041 193
1041 123 107
123 437 30
437 454 63
454 1495 9
1495 601 79
601 278 177
278 537 114
537 1351 191
1351 351 197
351 892 39
892 157 48
157 1006 16
1006 1766 127
1766 938 153
938 1135 103
1135 1789 128
1789 578 167
578 1092 190
1092 574 164
574 238 46
238 1849 81
1849 1296 107
1296 1617 123
1617 1243 72
1243 1052 83
1052 161 57
161 160 196
160 1573 100
1573 248 4
248 438 177
438 1022 29
1022 1268 122
1268 1347 88
1347 1289 138
1289 1313 89
1313 924 87
924 1373 27
1373 641 23
641 1237 137
1237 1904 23
1904 1927 185
1927 1772 105
1772 15 168
15 722 50
722 251 71
251 744 197
744 998 167
998 453 61
453 929 87
929 782 167
782 639 129
639 1144 159
1144 1422 174
1422 1810 57
1810 71 85
71 111 32
111 1694 187
1694 1662 107
1662 1187 139
1187 735 64
735 1377 53
1377 1928 188
1928 1215 7
1215 841 19
841 1125 147
1125 1546 133
1546 1369 175
1369 1117 179
1117 649 24
649 492 84
492 1379 162
1379 860 164
860 364 41
364 1436 81
1436 1800 103
1800 699 15
699 1019 20
1019 637 127
637 1970 89
1970 51 96
51 1274 121
1274 1887 16
1887 614 14
614 32 82
32 1309 99
1309 279 107
279 783 71
783 154 74
154 1420 69
1420 1219 3
1219 1133 93
1133 1884 75
1884 967 192
967 1386 156
1386 1332 191
1332 463 155
463 705 131
705 321 119
321 434 92
434 164 16
164 579 156
579 796 176
796 1021 165
1021 432 117
432 1382 178
1382 1163 32
1163 781 135
781 790 196
790 1541 83
1541 1757 180
1757 560 196
560 124 169
124 1915 138
1915 283 37
283 339 96
339 869 199
869 1718 63
1718 1972 149
1972 381 95
381 471 108
471 1126 35
1126 1004 4
1004 948 163
948 1720 43
1720 1785 157
1785 199 119
199 1169 84
1169 1526 18
1526 713 123
713 1678 5
1678 544 149
544 475 61
475 1257 121
1257 829 142
829 636 101
636 1930 73
1930 162 166
162 1869 171
1869 1397 119
1397 1161 149
1161 303 104
303 1955 172
1955 462 137
462 1123 10
1123 870 141
870 1589 21
1589 119 183
119 420 170
420 905 20
905 457 58
457 1751 133
1751 1221 160
1221 1249 152
1249 1418 32
1418 633 97
633 618 96
618 1447 122
1447 904 102
904 627 137
627 40 157
40 1790 35
1790 370 185
370 134 188
134 603 87
603 1105 150
1105 1283 167
1283 280 66
280 1544 145
1544 1024 135
1024 701 199
701 1294 79
1294 1023 38
1023 255 171
255 1681 121
1681 1182 56
1182 812 171
812 1494 135
1494 1623 161
1623 1458 91
1458 1445 153
1445 1432 141
1432 1287 82
1287 1515 162
1515 1416 114
1416 81 103
81 1343 8
1343 1196 177
1196 1273 8
1273 427 53
427 1805 20
1805 234 60
234 1085 139
1085 664 103
664 589 171
589 404 99
404 1885 121
1885 1106 55
1106 851 179
851 315 82
315 1986 157
1986 443 42
443 489 169
489 995 138
995 654 16
654 1226 83
1226 811 88
811 1763 181
1763 1304 189
1304 819 189
819 768 191
768 657 169
657 576 149
576 861 125
861 1100 200
1100 1608 180
1608 1067 112
1067 724 200
724 1602 199
1602 1307 144
1307 867 128
867 1318 67
1318 1439 4
1439 1363 103
1363 765 187
765 8 182
8 1507 10
1507 756 60
756 1753 29
1753 1535 4
1535 1239 13
1239 1333 47
1333 806 45
806 82 36
82 479 147
479 1815 52
1815 1299 55
1299 1779 47
1779 1401 48
1401 1858 6
1858 704 49
704 1493 54
1493 376 186
376 78 69
78 419 15
419 1871 130
1871 1677 78
1677 290 121
290 1122 49
1122 661 35
661 1276 161
1276 849 2
849 573 175
573 245 186
245 1470 175
1470 1250 64
1250 261 46
261 1083 97
1083 566 182
566 1910 182
1910 1005 149
1005 151 119
151 731 51
731 531 162
531 1086 34
1086 387 177
387 1752 189
1752 1740 197
1740 1616 194
1616 1632 110
1632 262 86
262 122 106
122 983 34
983 862 39
862 865 188
865 1892 144
1892 668 127
668 1331 25
1331 976 162
976 959 122
959 577 95
577 703 165
703 880 86
880 946 46
946 183 58
183 1537 24
1537 169 145
169 458 138
458 758 39
758 67 102
67 1538 9
1538 380 194
380 340 155
340 969 90
969 104 185
104 1204 154
1204 512 81
512 293 112
293 1960 160
1960 1045 141
1045 296 161
296 1731 121
1731 1202 39
1202 1721 93
1721 186 43
186 918 45
918 1622 136
1622 391 22
391 1431 108
1431 1162 22
1162 252 126
252 1521 63
1521 550 16
550 1388 31
1388 184 72
184 1281 92
1281 1421 95
1421 1264 56
1264 1975 118
1975 243 65
243 187 185
187 1799 135
1799 1365 135
1365 318 60
318 439 18
439 1454 19
1454 16 196
16 371 18
371 538 103
538 174 100
174 326 148
326 389 107
389 695 117
695 150 192
150 1570 151
1570 1372 84
1372 1943 142
1943 817 53
817 1160 43
1160 516 137
516 1247 79
1247 1340 64
1340 95 102
95 1567 147
1567 1803 174
1803 648 122
648 363 45
363 1748 141
1748 1136 168
1136 888 173
888 595 25
595 1758 190
1758 1667 46
1667 562 2
562 378 10
378 1783 129
1783 394 105
394 344 95
344 522 12
522 1209 32
1209 1353 60
1353 1902 44
1902 1557 83
1557 1037 39
1037 1668 90
1668 623 118
623 1552 151
1552 767 162
767 402 143
402 1449 102
1449 992 151
992 1792 19
1792 21 1
21 632 51
632 106 82
106 1178 25
1178 598 48
598 1989 191
1989 1830 141
1830 658 59
658 120 170
120 200 53
200 171 100
171 569 129
569 136 127
136 1906 116
1906 1562 1
1562 400 69
400 1905 79
1905 1613 1
1613 1945 142
1945 1775 56
1775 1193 177
1193 700 138
700 1661 74
1661 1609 193
1609 132 100
132 681 109
681 1913 118
1913 395 130
395 329 109
329 1696 141
1696 41 102
41 1936 186
1936 145 170
145 1604 54
1604 1175 186
1175 1324 47
1324 411 102
411 1693 14
1693 1089 144
1089 1819 79
1819 405 173
405 853 45
853 4 170
4 847 195
847 747 134
747 646 34
646 1607 134
1607 383 51
383 1498 181
1498 1531 72
1531 506 188
506 34 126
34 500 125
500 1791 174
1791 1234 140
1234 721 16
721 1831 1
1831 844 67
844 715 90
715 373 44
373 324 50
324 1633 40
1633 913 71
913 1778 142
1778 751 174
751 972 22
972 1761 116
1761 679 118
679 5 182
5 72 105
72 1328 22
1328 1777 37
1777 1743 121
1743 1612 181
1612 1584 85
1584 1660 194
1660 878 48
878 1440 196
1440 930 113
930 975 57
975 1017 197
1017 1490 43
1490 1403 2
1403 1504 163
1504 584 185
584 1077 80
1077 1172 19
1172 1739 77
1739 1174 46
1174 42 182
42 442 32
442 1940 42
1940 1879 54
1879 1577 139
1577 235 82
235 689 152
689 1814 8
1814 1659 99
1659 921 53
921 153 116
153 708 166
708 430 114
430 673 52
673 840 39
840 29 174
29 460 124
460 1378 122
1378 320 33
320 1044 32
1044 1091 14
1091 1251 43
1251 9 144
9 518 184
518 130 143
130 230 156
230 327 71
327 338 79
338 107 103
107 362 30
362 281 77
281 1173 120
1173 784 193
784 1997 41
1997 348 103
348 1065 103
1065 1692 136
1692 1891 31
1891 749 48
749 1762 189
1762 1585 89
1585 565 111
565 555 46
555 617 188
617 445 20
445 788 74
788 1413 73
1413 1415 113
1415 1338 143
1338 490 9
490 567 106
567 669 128
669 1862 142
1862 2 32
2 1339 57
1339 110 106
110 536 22
536 1412 143
1412 792 141
792 1920 26
1920 1796 102
1796 125 50
125 1395 119
1395 307 127
307 1142 139
1142 1132 3
1132 1222 39
1222 1154 31
1154 1716 166
1716 1366 63
1366 481 169
481 1319 134
1319 322 103
322 1897 174
1897 1650 65
1650 684 51
684 1156 199
1156 75 69
75 698 165
698 1270 167
1270 1478 96
1478 1330 36
1330 981 130
981 1258 144
1258 1284 161
1284 267 67
267 740 191
740 410 113
410 1473 1
1473 1491 2
1491 524 24
524 1057 64
1057 374 178
374 514 173
514 1348 63
1348 839 158
839 56 79
56 871 106
871 1214 120
1214 1532 109
1532 1501 89
1501 1356 59
1356 1405 39
1405 1300 149
1300 607 44
607 131 98
131 1770 32
1770 1816 58
1816 1152 92
1152 1707 168
1707 449 176
449 1011 180
1011 508 118
508 1795 29
1795 1477 136
1477 1555 144
1555 1199 16
1199 941 88
941 795 17
795 488 3
488 1978 197
1978 549 148
549 824 188
824 1954 92
1954 1895 109
1895 1072 2
1072 219 200
219 1269 113
1269 470 121
470 301 128
301 1669 102
1669 57 55
57 605 115
605 1574 120
1574 1291 79
1291 1665 186
1665 1474 61
1474 308 80
308 386 1
386 1127 104
1127 1411 71
1411 628 32
628 1468 104
1468 542 1
542 1826 118
1826 682 127
682 1098 6
1098 575 147
575 1710 36
1710 1963 61
1963 163 110
163 546 48
546 1691 63
1691 1717 187
1717 1438 152
1438 1882 106
1882 413 65
413 719 188
719 1109 56
1109 1071 63
1071 515 102
515 1030 181
1030 1035 158
1035 424 136
424 58 163
58 1774 49
1774 991 176
991 1014 175
1014 1825 12
1825 1410 109
1410 347 177
347 1211 83
1211 1964 184
1964 902 167
902 1601 161
1601 13 68
13 876 81
876 1653 194
1653 936 108
936 1210 121
1210 994 145
994 1534 62
1534 907 62
907 1201 10
1201 513 156
513 50 95
50 917 28
917 779 146
779 810 3
810 1150 59
1150 805 28
805 173 171
173 855 107
855 534 172
534 302 40
302 76 144
76 1698 74
1698 1297 148
1297 1809 59
1809 359 83
359 675 11
675 1404 178
1404 1317 157
1317 908 85
908 451 6
451 1685 97
1685 798 149
798 291 40
291 1165 149
1165 1703 52
1703 1965 49
1965 510 159
510 1073 5
1073 354 155
354 1090 182
1090 1765 15
1765 1399 64
1399 1594 5
1594 725 26
725 1634 69
1634 426 158
426 133 21
133 1031 107
1031 1511 83
1511 739 92
739 525 81
525 341 199
341 92 70
92 1599 15
1599 1492 3
1492 201 65
201 1967 67
1967 1487 84
1487 920 176
920 1148 141
1148 70 76
70 656 53
656 1993 176
1993 1020 70
1020 964 83
964 1559 171
1559 1253 65
1253 1094 187
1094 1390 88
1390 843 25
843 599 24
599 732 81
732 718 145
718 1480 36
1480 401 157
401 828 133
828 1040 77
1040 966 45
966 1759 146
1759 1999 20
1999 286 22
286 1206 129
1206 423 66
423 1736 52
1736 962 34
962 616 14
616 128 153
128 1908 85
1908 999 189
999 1543 93
1543 109 196
109 1737 166
1737 146 75
146 1267 96
1267 188 138
188 1200 87
1200 1407 111
1407 1028 3
1028 1912 50
1912 20 161
20 1358 32
1358 1600 192
1600 1337 102
1337 667 63
667 14 194
14 1312 188
1312 626 182
626 596 131
596 1867 112
1867 285 43
285 1901 12
1901 1368 113
1368 1406 54
1406 398 63
398 1998 181
1998 113 142
113 651 170
651 655 77
655 875 119
875 934 47
934 737 142
737 1342 111
1342 1626 138
1626 1683 60
1683 552 97
552 1580 127
1580 1099 155
1099 215 19
215 1488 119
1488 100 7
100 1899 79
1899 1860 100
1860 1942 22
1942 1611 129
1611 1605 86
1605 665 29
665 1225 82
1225 1191 46
1191 1864 138
1864 1842 191
1842 225 175
225 465 98
465 1872 56
1872 1292 136
1292 1880 169
1880 866 35
866 191 80
191 1977 47
1977 242 112
242 1452 59
1452 1009 6
1009 872 73
872 919 99
919 1208 33
1208 837 200
837 953 90
953 1344 186
1344 1750 147
1750 297 160
297 1844 2
1844 433 123
433 1364 99
1364 227 91
227 24 19
24 1746 164
1746 1275 78
1275 1203 13
1203 1170 178
1170 202 134
202 1924 26
1924 166 109
166 540 164
540 1212 81
1212 310 12
310 1138 153
1138 276 137
276 1818 150
1818 1793 165
1793 440 68
440 1756 158
1756 1539 80
1539 1982 127
1982 1916 200
1916 1564 86
1564 1259 125
1259 263 155
263 1216 148
1216 915 148
915 1709 195
1709 1093 117
1093 1048 59
1048 1652 74
1652 1889 191
1889 1708 65
1708 1840 152
1840 1327 140
1327 1171 148
1171 1705 22
1705 952 61
952 1104 21
1104 939 26
939 710 82
710 247 51
247 337 142
337 1553 46
1553 330 175
330 1852 83
1852 1446 42
1446 12 37
12 1675 15
1675 1290 151
1290 1197 113
1197 1334 114
1334 1742 173
1742 1322 33
1322 1990 112
1990 1482 129
1482 1320 193
1320 1873 71
1873 1254 139
1254 801 108
801 644 84
644 1012 66
1012 900 61
900 1025 94
1025 1863 11
1863 499 122
499 1471 52
1471 1888 122
1888 39 10
39 1817 20
1817 944 4
944 1645 64
1645 1032 60
1032 1811 42
1811 37 148
37 1592 127
1592 1595 112
1595 600 198
600 372 196
372 752 144
752 1776 129
1776 10 1
10 384 195
384 680 108
680 773 165
773 306 49
306 155 151
155 1224 72
1224 480 62
480 650 135
650 1442 154
1442 1506 73
1506 140 43
140 135 16
135 258 43
258 1854 64
1854 912 90
912 1359 145
1359 117 92
117 1518 76
1518 1984 76
1984 1054 8
1054 593 159
593 233 193
233 385 82
385 1525 138
1525 1741 118
1741 1859 161
1859 1394 176
1394 1143 17
1143 369 29
369 501 112
501 815 156
815 820 23
820 1166 151
1166 925 120
925 896 45
896 178 15
178 232 154
232 1690 10
1690 1724 193
1724 1979 127
1979 1935 13
1935 1481 37
1481 1529 43
1529 1095 174
1095 406 11
406 288 198
288 1658 115
1658 712 180
712 895 120
895 615 141
615 343 72
343 182 75
182 1321 199
1321 1733 39
1733 1018 81
1018 1483 127
1483 1597 60
1597 1070 45
1070 1610 40
1610 476 117
476 813 110
813 1629 183
1629 450 33
450 1146 131
1146 1101 53
1101 1512 37
1512 497 115
497 1519 6
1519 977 199
977 1676 124
1676 168 107
168 1671 16
1671 28 131
28 726 111
726 1824 19
1824 923 154
923 250 166
250 60 13
60 195 111
195 937 186
937 533 9
533 1615 19
1615 965 104
965 774 186
774 47 151
47 1732 191
1732 834 148
834 1371 138
1371 630 168
630 571 144
571 963 23
963 821 177
821 212 110
212 1838 74
1838 709 97
709 1953 57
1953 455 100
455 520 152
520 1656 15
1656 1158 187
1158 1516 187
1516 1726 111
1726 1749 109
1749 517 115
517 1188 172
1188 988 156
988 196 37
196 1177 39
1177 176 17
176 750 188
750 207 92
207 1641 132
1641 797 11
797 609 148
609 1807 162
1807 814 117
814 1235 64
1235 46 99
46 1918 126
1918 1102 120
1102 897 169
897 1140 102
1140 1113 178
1113 1735 102
1735 879 178
879 730 71
730 1061 193
1061 541 143
541 1015 181
1015 1042 200
1042 619 171
619 906 63
906 1914 102
1914 775 111
775 931 123
931 1700 2
1700 1931 178
1931 485 166
485 842 150
842 189 67
189 1682 179
1682 1489 37
1489 1561 146
1561 694 177
694 822 52
822 83 106
83 138 80
138 1402 32
1402 379 135
379 799 127
799 1308 124
1308 1430 189
1430 1833 141
1833 223 102
223 852 18
852 198 12
198 706 181
706 25 145
25 461 105
461 794 194
794 205 92
205 1417 193
1417 77 72
77 79 53
79 1794 102
1794 1550 21
1550 1725 71
1725 48 54
48 979 70
979 417 20
417 1384 167
1384 674 90
674 728 54
728 264 109
264 1335 113
1335 791 109
791 1876 149
1876 826 27
826 1049 10
1049 1084 193
1084 1618 110
1618 431 68
431 114 194
114 818 78
818 493 20
493 1957 89
1957 922 103
922 1877 103
1877 553 112
553 88 58
88 863 39
863 1185 140
1185 185 176
185 1540 55
1540 1240 18
1240 543 32
543 1055 80
1055 311 157
311 1087 139
1087 491 198
491 1950 151
1950 316 177
316 1808 115
1808 1298 92
1298 1001 189
1001 239 38
239 1218 94
1218 942 142
942 1078 130
1078 203 174
203 342 160
342 1295 191
1295 1107 89
1107 18 20
18 1773 36
1773 1508 190
1508 786 61
786 1883 97
1883 1646 179
1646 1423 63
1423 6 129
6 723 108
723 1822 187
1822 1523 176
1523 228 65
228 864 161
864 1520 131
1520 1934 176
1934 1149 191
1149 602 178
602 1894 142
1894 422 47
422 1744 166
1744 244 3
244 1663 157
1663 770 103
770 848 99
848 885 178
885 1310 92
1310 1385 88
1385 1192 138
1192 96 162
96 1068 46
1068 399 40
399 66 90
66 757 110
757 580 26
580 59 125
59 1444 30
1444 211 174
211 90 26
90 1769 29
1769 1536 134
1536 1921 86
1921 581 36
581 1325 4
1325 1563 6
1563 686 5
686 1704 84
1704 1115 92
1115 588 179
588 1900 41
1900 670 165
670 1362 89
1362 932 46
932 1002 118
1002 266 2
266 529 52
529 1628 26
1628 447 13
447 663 192
663 1582 106
1582 61 134
61 729 160
729 265 136
265 509 33
509 1719 170
1719 1500 195
1500 1760 136
1760 993 104
993 467 69
467 435 160
435 1461 133
1461 638 36
638 727 126
727 221 27
221 1711 26
1711 1051 180
1051 7 155
7 1878 50
1878 350 90
350 1572 137
1572 582 8
582 1260 163
1260 116 40
116 1336 185
1336 1560 18
1560 1983 73
1983 961 110
961 1062 55
1062 903 55
903 1643 162
1643 504 42
504 772 88
772 711 139
711 254 61
254 527 147
527 1479 80
1479 1376 50
1376 539 28
539 1932 11
1932 1082 76
1082 425 131
425 1124 169
1124 1947 189
1947 958 98
958 213 42
213 1010 183
1010 99 39
99 1232 71
1232 1355 169
1355 1060 115
1060 697 180
697 1664 178
1664 33 139
33 127 127
127 1670 167
1670 736 92
736 1147 39
1147 224 176
224 1672 77
1672 192 31
192 1329 39
1329 1896 142
1896 1189 195
1189 1714 159
1714 1828 44
1828 1991 116
1991 624 101
624 331 198
331 1723 174
1723 86 113
86 282 133
282 947 2
947 854 9
854 482 16
482 300 89
300 1606 176
1606 1393 48
1393 1079 189
1079 1971 30
1971 746 180
746 1367 113
1367 803 141
803 1414 108
1414 759 18
759 1038 196
1038 743 190
743 418 83
418 1647 61
1647 507 31
507 1949 3
1949 1448 181
1448 270 134
270 1722 40
1722 1801 34
1801 1893 61
1893 720 7
720 1911 82
1911 928 116
928 1455 16
1455 785 183
785 545 88
545 1907 28
1907 1771 93
1771 996 195
996 1056 177
1056 1129 93
1129 1958 73
1958 1043 69
1043 1509 70
1509 1302 157
1302 325 83
325 226 199
226 494 85
494 978 159
978 1306 173
1306 1804 5
1804 672 71
672 1747 37
1747 1223 120
1223 771 10
771 1503 177
1503 558 135
558 1697 40
1697 832 109
832 1103 110
1103 415 94
415 108 29
108 1522 31
1522 1484 178
1484 1286 177
1286 622 59
622 206 171
206 1768 157
1768 22 96
22 1265 184
1265 1167 33
1167 1248 168
1248 112 70
112 1937 152
1937 935 91
935 1435 108
1435 1112 174
1112 1074 40
1074 249 6
249 142 147
142 989 15
989 957 70
957 190 54
190 1787 129
1787 428 147
428 1549 165
1549 1551 109
1551 738 32
738 1850 11
1850 1944 122
1944 27 127
27 1159 174
1159 1821 8
1821 745 36
745 102 195
102 317 67
317 1847 153
1847 313 40
313 1939 183
1939 1712 173
1712 1603 3
1603 1576 150
1576 1266 138
1266 52 8
52 956 32
956 1288 28
1288 1919 58
1919 1453 169
1453 1925 180
1925 733 28
733 416 94
416 1695 100
1695 272 21
272 319 1
319 1836 45
1836 487 84
487 292 131
292 149 82
149 1181 49
1181 1231 88
1231 1408 162
1408 332 89
332 1959 147
1959 1903 116
1903 502 120
502 1114 183
1114 1345 12
1345 652 15
652 1081 181
1081 1131 160
1131 1213 24
1213 1754 150
1754 608 121
608 1890 18
1890 1637 39
1637 1987 168
1987 1033 73
1033 683 134
683 734 109
734 1517 122
1517 933 14
933 473 56
473 1457 180
1457 585 14
585 1486 18
1486 823 95
823 604 74
604 660 117
660 1976 119
1976 1598 175
1598 1315 155
1315 1701 102
1701 414 52
414 564 41
564 1228 39
1228 973 41
973 1688 183
1688 547 71
547 214 15
214 179 131
179 1797 50
1797 563 34
563 1499 187
1499 1952 65
1952 388 125
388 873 177
873 236 101
236 1689 75
1689 1391 127
1391 45 65
45 559 77
559 776 98
776 496 138
496 1586 12
1586 666 88
666 3 149
3 702 137
702 1513 9
1513 271 17
271 1820 97
1820 19 140
19 49 97
49 556 85
556 1686 197
1686 1465 96
1465 269 174
269 396 142
396 760 7
760 368 189
368 1396 54
1396 535 151
535 1075 125
1075 1530 143
1530 305 174
305 1755 181
1755 328 42
328 105 94
105 1961 115
1961 360 46
360 1702 150
1702 916 180
916 521 173
521 1195 142
1195 1120 72
1120 375 118
375 55 97
55 143 115
143 1392 48
1392 38 5
38 36 149
36 572 65
572 53 157
53 1938 81
1938 1053 11
1053 755 40
755 1151 16
1151 459 173
459 158 20
158 275 143
275 1280 57
1280 1462 82
1462 73 54
73 409 165
409 1767 88
1767 91 177
91 1236 164
1236 1119 40
1119 943 200
943 1207 180
1207 1846 142
1846 1644 140
1644 1066 144
1066 662 83
662 69 139
69 216 183
216 940 3
940 412 8
412 1380 160
1380 1874 123
1874 441 86
441 1968 148
1968 1108 51
1108 1350 72
1350 1856 81
1856 94 199
94 1657 175
1657 557 158
557 610 76
610 65 189
65 1252 126
1252 1271 115
1271 1985 63
1985 62 32
62 287 91
287 671 113
671 1238 77
1238 1278 33
1278 592 170
592 836 125
836 954 88
954 1588 194
1588 274 66
274 1687 45
1687 1956 40
1956 1568 12
1568 444 115
444 1715 176
1715 1230 2
1230 85 120
85 1780 8
1780 625 30
625 858 5
858 764 125
764 1973 116
1973 570 152
570 688 170
688 868 17
868 1996 151
1996 115 105
115 1096 26
1096 1323 194
1323 1728 19
1728 1640 179
1640 1198 34
1198 54 24
54 945 70
945 894 75
894 469 145
469 1995 96
1995 139 20
139 1621 189
1621 1510 51
1510 474 121
474 484 157
484 1729 75
1729 1798 72
1798 971 172
971 1841 199
1841 1583 89
1583 1352 115
1352 231 90
231 742 189
742 909 179
909 1579 42
1579 1434 162
1434 1437 163
1437 1398 182
1398 716 183
716 809 145
809 1007 156
1007 1848 80
1848 831 14
831 1137 44
1137 807 168
807 87 126
87 1630 31
1630 335 177
335 1076 55
1076 1176 26
1176 429 155
429 1764 186
1764 532 49
532 1205 71
1205 1839 174
1839 1027 40
1027 647 50
647 1706 200
1706 63 132
63 93 100
93 1262 191
1262 1153 60
1153 1443 155
1443 1245 181
1245 483 175
483 268 30
268 1674 107
1674 606 182
606 530 2
530 312 19
312 1845 122
1845 1988 103
1988 1933 60
1933 421 101
421 365 112
365 949 133
949 1469 100
1469 1305 181
1305 685 17
685 763 160
763 830 15
830 901 163
901 1244 102
1244 1834 181
1834 659 39
659 345 163
345 98 83
98 970 116
970 753 32
753 256 116
256 1460 47
1460 594 107
594 382 74
382 43 3
43 886 12
886 1619 180
1619 1263 33
1263 1463 197
1463 323 187
323 1941 44
1941 299 70
299 523 195
523 1981 188
1981 74 123
74 144 12
144 1527 66
1527 696 126
696 1354 169
1354 361 166
361 1110 48
1110 1639 190
1639 1922 187
1922 1013 47
1013 889 138
889 891 115
891 1326 175
1326 1980 148
1980 366 34
366 1923 106
1923 1497 104
1497 804 51
804 1246 199
1246 1134 56
1134 1381 164
1381 914 36
914 468 50
468 118 5
118 295 157
295 955 172
955 1476 156
1476 1648 99
1648 1425 62
1425 1636 114
1636 346 74
346 1948 111
1948 591 77
591 336 21
336 257 193
257 1183 62
1183 643 173
643 1036 48
1036 397 60
397 137 17
137 377 12
377 35 11
35 793 10
793 1554 106
1554 1649 48
1649 1426 41
1426 1593 159
1593 1966 164
1966 1360 101
1360 1866 58
1866 26 128
26 1865 139
1865 874 107
874 1451 115
1451 621 153
621 229 151
229 762 99
762 1832 55
1832 68 200
68 1835 58
1835 808 30
808 1542 153
1542 1088 189
1088 1370 88
1370 1029 62
1029 1596 134
1596 1 165
1 298 34
298 1926 28
1926 1374 53
1374 1285 80
1285 448 126
448 408 16
408 899 174
899 1428 6
1428 1111 160
1111 1311 110
1311 172 78
172 1039 151
1039 856 25
856 259 49
259 1679 124
1679 1786 21
1786 676 6
676 390 160
390 1651 86
1651 1301 130
1301 693 108
693 1837 164
1837 1581 158
1581 165 199
165 714 115
714 1853 157
1853 1699 145
1699 1427 73
1427 1157 120
1157 1047 108
1047 1003 108
1003 334 17
334 780 183
780 197 76
197 466 22
466 554 190
554 101 110
101 1433 98
1433 1992 85
1992 64 150
64 1969 28
1969 472 61
472 477 181
477 1256 195
1256 1387 39
1387 590 142
590 358 34
358 678 15
678 561 65
561 635 155
635 167 62
167 253 100
253 1349 151
1349 1016 12
1016 246 49
246 1459 105
1459 356 38
356 1303 110
1303 1591 190
1591 284 85
284 1635 57
1635 568 97
568 1875 69
1875 11 71
11 951 98
951 691 88
691 478 106
478 1464 196
1464 1118 99
1118 17 83
17 273 159
273 519 95
519 1994 74
1994 141 63
141 1627 32
1627 1128 118
1128 1190 86
1190 1745 24
1745 1548 49
1548 690 156
690 446 73
446 631 189
631 551 51
551 1217 77
1217 1293 41
1293 640 109
640 778 191
778 927 31
927 1279 70
1279 653 80
653 31 80
31 1255 176
1255 766 109
766 950 155
950 1241 83
1241 1642 4
1642 1316 92
1316 170 160
170 1008 83
1008 407 6
407 883 187
883 156 93
156 1590 116
1590 1046 78
1046 997 105
997 1571 25
1571 393 157
393 193 118
193 1429 7
1429 583 115
583 1823 170
1823 629 140
629 1812 158
1812 1063 139
1063 974 108
974 1475 99
1475 1524 102
1524 209 157
209 194 40
194 505 153
505 1424 188
1424 884 191
884 148 66
148 353 23
353 511 132
511 827 83
827 1472 199
1472 204 143
204 1064 92
1064 645 18
645 1788 181
1788 309 143
309 2000 150
2000 1272 152
1272 1375 72
1375 1341 107
1341 1855 19
1855 357 51
357 1857 178
1857 1680 102
1680 1631 123
1631 528 137
528 1456 25
1456 1502 108
1502 1843 147
1843 1533 17
1533 103 104
103 237 175
237 1139 17
1139 352 171
352 1868 179
1868 960 37
960 260 107
260 845 196
845 1058 44
1058 687 106
687 877 164
877 761 59
761 1655 57
1655 1220 71
1220 985 135
985 1654 34
1654 833 103
833 1802 121
1802 1314 9
1314 1666 164
1666 620 31
620 277 96
277 177 99
177 707 45
707 1713 32
1713 1782 200
1782 1917 115
1917 586 47
586 208 164
208 1545 36
1545 787 161
787 1558 189
1558 333 124
333 1000 197
1000 717 44
717 1946 183
1946 1184 116
1184 1569 141
1569 1261 148
1261 800 188
800 89 59
89 1624 40
1624 1575 160
1575 1389 15
1389 634 20
634 1951 124
1951 882 164
882 503 96
503 452 197
452 611 114
611 121 149
121 222 9
222 859 195
859 1909 194
1909 1450 35
1450 126 8
126 1145 51
1145 1059 178
1059 23 134
23 1886 28
1886 486 31
486 80 150
80 175 47
175 1727 168
1727 587 124
587 495 99
495 1974 109
1974 1116 199
1116 1784 172
1784 990 166
990 1467 12
1467 1556 161
1556 1155 41
1155 642 38
642 218 23
218 612 145
612 464 196
464 1565 112
1565 436 45
436 1730 1
1730 1194 92
1194 1121 150
1121 44 159
44 1620 80
1620 1080 2
1080 30 126
30 926 62
926 850 81
850 240 1
240 241 124
241 1186 50
1186 802 97
802 1881 87
1881 1130 130
1130 835 47
835 1282 154
1282 1514 191
1514 1141 49
1141 97 194
97 1233 153
1233 741 112
741 613 11
613 1357 160
1357 1383 14
1383 1026 148
1026 1034 27
1034 987 11
987 846 111
846 1781 130
1781 1466 43
1466 984 17
984 355 67
355 980 144
980 1361 82
1361 1870 171
1870 816 131
816 1625 84
1625 898 88
898 1962 77
1962 1684 6
1684 692 192
692 1168 193
1168 129 132
129 289 39
289 456 124
456 1578 93
1578 210 194
210 220 56
220 789 45
789 1097 177
1097 349 37
349 1528 169
1528 1587 121
1587 392 92
392 1898 19
1898 986 170
986 1861 149
1861 181 133
181 777 95
777 314 127
314 881 34
881 754 77
754 152 98
152 1179 67
1179 1851 147
1851 526 182
526 910 193
910 1614 72
1614 887 31
887 890 56
890 1242 151
1242 1806 171
1806 748 192
748 1069 67
1069 677 160
677 180 5
180 1738 82
1738 769 136
769 367 140
746 223 195
432 1636 111
1226 536 7
940 1355 36
1741 627 190
561 191 96
392 372 140
1285 1282 15
1207 663 135
1663 1637 79
689 1974 40
1827 883 138
223 480 12
1782 1747 80
1645 681 180
581 1407 98
831 1715 184
1968 517 61
160 31 79
1781 1153 35
1269 454 44
1073 270 134
652 1332 119
371 1797 12
1590 1591 150
1021 1621 91
1732 1485 131
1651 1755 4
469 1940 80
1194 341 37
477 385 136
881 667 37
378 1004 134
152 1351 38
1094 20 111
517 1671 107
1520 225 130
96 719 133
1026 1927 135
1152 388 75
543 1161 149
203 1174 66
676 168 61
1915 1557 60
991 556 172
935 475 142
186 993 110
1041 820 34
1773 151 170
1425 870 141
877 492 116
795 729 194
1032 1767 15
649 1919 78
190 227 5
1562 1315 109
1692 1416 188
879 1620 41
765 1421 52
1226 374 127
1371 84 13
848 518 27
941 760 87
966 1932 187
391 1798 134
957 1508 154
787 1965 95
937 1547 170
1118 1188 3
350 1937 100
1376 1460 95
431 707 39
745 1328 9
1841 1270 149
1017 1980 172
1340 62 128
867 1788 174
1490 1109 71
955 252 179
1266 213 8
68 965 181
1608 1628 7
1005 1914 22
1987 911 96
601 1152 128
1682 837 190
1196 1916 47
1165 1938 90
1403 1037 44
1540 1299 23
1475 1329 119
1195 630 124
1607 1919 8
1755 712 150
1259 270 60
1108 294 19
1765 1893 96
1294 19 6
1998 223 17
1373 261 93
1850 926 192
1224 1926 28
524 1296 95
1365 671 129
1689 220 114
796 131 161
307 1351 66
1766 550 94
129 591 135
1877 266 62
1185 1899 166
1218 154 81
1106 1228 18
368 234 193
1358 1103 191
978 1895 88
1798 289 50
19 1689 82
1457 728 98
1439 347 44
638 1730 88
1917 1544 106
1965 580 143
1406 933 103
1743 430 141
1938 686 21
531 1279 123
380 379 19
770 540 160
470 628 60
1887 211 52
1310 1818 60
1099 861 189
1142 740 183
682 127 19
980 648 33
1513 1198 165
546 381 147
1398 1930 145
1079 1627 83
618 267 5
540 1725 177
1302 42 38
11 158 20
428 1216 92
393 110 174
1033 482 195
835 106 88
1233 175 109
1373 1191 135
1311 881 149
1874 1752 5
1066 402 112
937 1309 51
465 716 116
307 1956 200
476 157 176
593 1396 139
876 968 129
1556 1674 186
1798 1329 76
1328 1643 194
650 1767 141
36 310 187
295 1299 196
872 1786 151
11 1314 184
907 845 19
730 1038 123
790 1261 20
1082 1967 107
459 1189 192
257 919 57
601 647 179
1443 1172 87
790 1145 100
1580 1724 193
322 1013 133
354 1191 150
1524 1783 158
75 1320 5
1243 633 27
197 769 4
1551 826 164
1033 603 32
755 116 121
1170 1385 156
1936 1641 10
1831 674 103
879 1068 197
1229 1415 197
235 960 168
269 1818 181
1220 328 147
1109 907 54
1884 324 52
1628 506 63
1884 182 24
47 891 126
1742 88 30
749 363 2
1399 780 52
468 1560 115
1105 522 70
528 1905 109
1381 1702 39
1468 929 147
753 135 39
1720 1639 17
1576 501 77
51 699 2
1056 986 129
1703 1223 3
1906 773 123
883 1969 131
684 157 121
540 517 97
40 6 126
1112 945 172
443 356 188
1827 53 135
947 1765 196
1769 445 170
369 804 91
53 1426 93
1682 27 5
770 587 155
811 206 150
82 1777 17
146 1906 65
570 200 184
1961 780 121
1447 1292 90
1111 1481 82
1672 349 27
218 923 172
448 1609 165
504 146 132
345 1526 73
1870 487 34
596 855 45
1473 841 199
845 427 91
222 496 59
826 1224 59
620 1571 8
905 287 154
1676 7 130
1334 1419 77
1276 971 193
1293 585 22
1557 373 133
1077 1973 125
966 600 27
286 936 109
1028 1289 179
1581 1003 65
1217 548 114
1398 1819 84
830 799 82
544 530 65
1889 234 61
1319 1842 126
1412 112 59
872 1989 97
378 1174 104
218 1753 38
1214 1077 74
1930 1202 140
1991 1288 150
144 199 131
1209 804 162
48 526 196
494 1366 13
1163 1235 152
525 402 185
509 61 80
1098 126 109
769 1175 104
721 1661 66
1739 785 14
378 737 196
1184 1244 8
1639 1736 107
314 1879 132
1428 194 17
1106 1399 194
329 1968 157
1750 1536 129
653 1826 43
1352 933 110
1998 1670 130
426 1327 54
1798 1859 192
1750 1747 42
175 1548 146
1959 1785 29
157 31 117
1051 1398 19
1963 452 11
1186 527 15
997 1324 91
457 319 168
899 1320 94
1740 478 173
372 1541 88
1196 1533 19
218 1662 90
1558 1443 186
443 1213 78
517 649 168
1173 266 162
344 240 70
660 144 35
1352 1077 146
1943 662 51
646 852 94
1465 1057 153
1292 795 78
1005 23 186
684 763 114
1862 1815 193
1326 1934 46
828 836 9
1015 747 176
614 773 151
237 1648 127
508 1517 65
1684 29 197
111 1783 168
1256 1219 160
197 534 176
68 499 197
1027 1536 176
1048 1513 88
1623 1835 95
1031 750 146
1922 1595 80
181 153 34
745 1291 196
1106 1666 116
1885 887 132
1565 854 7
1082 379 177
1436 93 1
1405 1000 107
1164 1872 95
1775 1809 192
499 15 161
1657 137 100
294 1782 176
415 838 156
1538 367 66
735 877 93
1175 1788 134
1475 1473 113
50 707 105
1646 1119 140
1680 1085 14
842 410 93
1625 619 12
1442 821 36
239 1520 43
591 1845 92
927 1223 108
1016 262 41
1167 1662 152
434 1176 58
1258 599 91
196 579 182
514 924 3
1763 1063 17
1765 74 22
1178 735 30
475 775 137
1985 667 68
1337 553 72
8 327 45
1555 221 137
173 1794 86
1860 186 135
1102 606 108
233 875 197
1859 692 81
1116 237 134
1952 1138 44
1575 1719 52
1669 633 51
223 754 60
1976 611 74
285 871 158
1175 1128 23
1004 396 42
476 786 62
1148 486 14
792 1574 37
1898 1197 34
980 604 197
626 1941 187
422 1295 150
408 776 166
373 1106 83
1100 584 142
1755 339 101
952 545 119
1419 61 19
94 879 9
1862 1688 104
300 791 177
1390 67 2
54 466 69
152 1176 59
1981 1875 116
428 577 98
1951 1928 47
1632 190 42
349 69 139
1484 777 132
205 1997 141
1051 1170 192
222 1427 177
1001 380 156
461 1355 8
1453 166 51
693 1894 84
1164 941 168
193 435 11
610 1808 64
170 1999 180
1602 349 53
993 389 181
734 795 134
1168 1514 146
1972 103 165
387 1146 35
338 1184 136
867 338 17
575 1960 82
1312 675 167
678 959 116
188 591 158
1833 1966 99
1735 1341 179
1225 1457 135
1068 1536 102
11 1267 29
24 381 14
1055 1622 38
24 770 114
1336 1851 84
766 1122 46
515 296 117
609 1526 32
578 726 173
1569 1369 145
926 1071 152
412 639 68
354 625 128
424 1571 176
1086 1158 90
1792 1012 8
1383 434 109
1475 376 58
1624 1057 175
1523 1192 174
511 1394 114
38 438 88
1382 1462 195
288 1844 126
1906 1138 190
1230 1204 2
1854 253 49
1423 987 20
1021 1359 107
1459 1504 82
69 295 45
932 743 9
226 1863 126
665 1685 23
505 1476 178
890 1720 28
1673 602 124
777 1704 115
629 1106 151
116 1825 180
1313 1495 101
419 620 160
104 572 66
1333 272 156
1572 1951 52
1040 1347 132
258 1409 1
1012 312 80
1116 229 97
220 941 177
401 1582 40
1659 683 96
548 20 188
736 457 16
1748 1952 11
960 621 36
1213 1521 146
177 1478 11
1657 476 199
557 1971 14
829 202 168
770 1299 48
175 1217 193
568 297 189
230 1184 50
1112 669 45
521 1478 70
1025 686 85
1649 359 74
776 342 47
514 1736 62
1685 1548 45
322 558 18
66 524 30
1609 1731 49
1686 550 173
852 68 58
358 1957 111
1815 54 63
1558 1641 4
1208 930 72
1557 1480 143
1495 891 111
1307 938 59
61 568 159
511 1842 124
549 778 194
1135 1592 155
1183 1113 129
1902 344 81
1433 813 23
472 1077 81
865 588 49
833 571 166
1655 1055 81
282 1401 182
137 1369 180
1824 1921 52
531 1861 54
1162 710 121
294 1632 105
663 699 81
1465 839 158
639 1646 153
1943 645 183
235 1277 52
1233 1434 3
1773 1023 22
1132 1116 134
708 386 54
1579 540 48
1699 1546 4
1590 59 65
1657 1958 79
240 140 139
1165 367 7
1409 766 148
1832 1685 177
712 256 166
737 222 170
1310 1295 29
504 423 18
1714 1674 52
729 287 50
1287 450 81
1717 27 59
470 1664 112
1168 1225 125
1265 1761 194
1886 750 6
1802 945 100
371 948 74
662 449 102
362 439 158
630 394 134
1017 347 163
1869 1050 81
279 597 113
1177 1054 12
165 499 51
779 1340 170
1534 1138 92
1265 1765 54
944 1686 24
1406 960 191
14 1634 192
901 1731 108
1218 101 173
1134 1122 184
566 1294 147
1403 897 7
1299 1378 135
600 1351 88
479 720 191
1317 63 98
1115 343 53
874 114 6
1548 11 180
1530 861 5
305 396 147
1568 218 198
802 941 182
482 1755 198
396 883 181
1510 480 33
642 354 129
1386 1023 37
551 307 170
1267 1160 33
74 1041 31
1735 84 183
509 1770 125
817 552 38
1150 1966 52
548 941 4
1411 1338 140
1057 518 191
1264 913 33
246 957 87
415 344 119
562 710 124
1921 1118 43
1934 657 23
198 1274 67
647 34 152
345 1022 184
1807 138 196
507 316 123
377 1275 76
1872 52 1
1151 493 58
1431 463 174
1535 1862 111
1819 1890 104
224 623 74
1075 1463 150
338 187 197
1816 1930 5
1346 1542 13
1230 715 134
1062 1172 65
1476 263 23
1838 536 153
1186 190 126
879 1612 87
295 1602 46
1665 1385 157
1064 1354 51
1840 1471 111
1022 1382 98
1179 669 187
502 1040 5
1478 1287 32
383 134 143
985 648 149
1810 525 88
1317 1191 138
1403 1702 169
1203 1124 161
1636 1776 184
16 1746 86
1944 623 159
1762 1404 98
1594 947 54
810 773 41
142 1336 52
488 1880 110
1655 871 9
1852 685 168
611 722 110
1053 67 109
1703 705 78
183 406 154
280 738 118
957 833 110
1611 1732 96
117 697 116
883 398 14
63 1017 10
193 975 105
1291 546 200
282 347 107
148 1553 182
1033 1120 26
1364 997 22
753 1229 190
15 192 159
1869 1746 83
671 219 178
923 180 148
1366 1417 161
170 1025 128
797 714 21
1363 680 48
1618 1021 56
95 777 76
345 232 55
1699 1485 79
1617 628 187
1857 1267 169
1876 1700 15
1814 1020 22
518 993 78
397 1566 92
1293 1619 13
519 1090 116
1872 913 46
1349 860 178
559 1689 65
239 768 54
156 440 171
1425 1681 181
1937 232 104
1678 643 17
619 1317 119
1338 1118 158
1494 28 92
22 169 169
1059 447 191
1772 712 116
1828 1632 46
1218 1072 67
1788 1845 33
1713 1444 143
940 1975 81
1943 442 106
636 337 33
1334 552 189
426 1172 48
900 95 15
1867 540 11
443 871 97
349 951 149
1250 481 98
982 695 45
557 1410 48
1858 47 116
879 1723 84
1271 172 172
902 495 43
519 578 145
1407 324 115
549 1686 163
936 471 180
623 1926 15
130 955 127
1949 809 166
1316 1756 57
1212 864 192
423 1253 155
1958 1144 75
1076 630 192
624 1488 152
549 892 12
921 264 120
11 1033 183
1860 1551 39
335 1695 61
567 905 32
1957 839 1
1198 283 144
803 531 173
225 1239 131
1019 1761 117
1706 403 82
627 1048 14
998 1074 194
1277 1684 117
448 1814 126
1915 311 35
1664 1179 116
33 332 32
503 531 73
1713 70 112
1725 704 188
1951 1287 67
648 138 186
1544 1231 13
278 1522 197
1604 515 61
1117 754 127
1580 166 101
1143 821 61
608 44 176
921 395 11
1480 48 186
463 1335 32
196 490 200
1394 1817 199
1530 1875 154
1149 845 128
1216 449 102
1816 1718 159
1281 429 161
590 492 176
1163 1146 24
890 1764 89
1130 28 197
742 787 165
842 1589 23
1048 1931 18
1068 1655 68
1529 436 189
395 1638 62
739 10 168
1162 1284 79
50 298 123
143 224 59
1515 1548 186
1154 466 155
1042 737 19
1818 336 48
1335 499 39
1275 1466 15
953 28 29
1770 1597 32
1958 409 176
632 1786 55
555 875 46
1276 1510 66
417 927 27
1935 1527 154
1078 417 50
1634 1997 193
790 944 190
1702 1139 58
734 1740 101
1528 1110 184
797 313 91
126 998 141
1451 1922 170
1711 802 56
1174 991 12
1330 1405 10
188 1183 150
468 1602 124
1613 288 85
398 1112 164
446 202 54
1190 1583 175
1780 1371 74
87 150 197
1368 1256 20
1398 1354 78
1090 37 77
1515 1130 11
784 1041 81
1734 173 136
1721 718 126
753 873 9
1738 131 96
201 124 128
108 592 112
312 1493 24
1419 1598 98
1459 469 182
1747 609 9
10 1161 64
164 170 70
6 120 190
1075 1481 119
64 1662 16
1097 1783 164
1689 1210 120
135 1107 16
1185 104 118
22 844 198
295 382 159
896 710 106
633 848 25
1438 321 4
1960 1442 51
1000 1279 29
309 833 44
1993 1269 51
1585 863 150
1172 1655 50
1142 1625 70
1940 450 87
1964 731 132
1080 1135 64
1220 928 107
1460 1550 175
546 196 95
1090 1569 123
1030 229 70
1227 288 138
922 998 25
154 635 29
706 1607 195
1472 1974 196
366 1234 32
1032 1291 10
1792 1771 13
356 1980 49
724 262 126
665 605 17
1218 1920 120
185 1232 44
831 397 109
783 1384 50
27 1923 81
1997 578 172
29 906 42
1461 1623 63
1124 616 108
834 1755 61
677 1139 104
1376 1881 138
645 1004 161
448 792 106
1456 703 62
950 1291 36
1574 1050 111
1593 1166 119
1519 239 53
742 1132 184
1019 1269 187
1468 1345 32
460 1088 184
936 1169 88
997 1903 125
585 593 120
313 245 45
309 304 92
108 189 154
1611 641 119
564 1659 152
1003 195 181
8 706 107
399 952 104
1451 1583 174
279 1218 10
57 143 78
1296 1892 163
1163 971 44
84 651 85
1004 953 88
667 1711 108
18 1830 6
1052 1643 140
1236 1703 85
157 1223 45
1211 1966 39
482 1786 18
212 300 20
185 1845 47
772 306 113
40 791 71
997 503 77
199 1644 96
799 33 46
781 1322 149
889 1932 61
1258 1779 52
1686 122 39
1763 1168 161
1757 1525 130
1190 613 131
1108 1140 19
290 1649 140
1257 21 21
367 258 166
618 514 120
1646 1859 148
1219 323 21
1966 1945 60
1688 788 111
788 1019 2
895 649 129
1699 111 186
24 1767 92
1053 244 198
5 898 133
1536 1884 59
1223 1527 186
127 356 2
775 675 126
714 338 79
398 647 150
1472 1333 73
1450 600 200
538 1078 127
1549 1610 151
1911 1223 23
644 1540 1
1293 1097 194
164 732 129
51 1682 25
1184 752 106
141 1089 172
976 830 88
1458 1531 104
1474 947 123
937 199 168
1673 93 152
400
8
17
29
32
43
46
48
49
50
51
52
56
57
58
60
63
67
68
70
74
80
97
103
109
112
114
117
119
120
132
137
141
152
153
155
156
159
160
163
165
169
172
181
183
190
192
198
199
201
214
230
239
248
255
273
276
277
282
284
289
290
291
296
299
306
311
314
316
317
320
322
325
335
336
343
349
356
357
366
373
376
379
382
388
394
408
409
415
416
417
429
433
434
438
444
445
447
451
452
461
480
482
489
497
510
511
513
514
515
518
519
521
529
530
532
537
542
545
548
549
570
573
575
582
591
598
620
621
623
634
640
644
645
652
653
655
659
660
668
672
674
675
682
683
688
695
699
700
706
711
716
719
725
729
731
734
736
741
743
744
753
755
763
770
771
773
775
781
786
798
814
815
816
819
821
831
832
833
837
844
845
849
850
861
864
868
869
870
874
876
881
882
890
899
908
914
919
933
936
939
943
944
946
960
964
965
968
974
979
980
990
991
999
1009
1012
1017
1019
1024
1037
1050
1057
1061
1072
1077
1100
1104
1108
1110
1120
1128
1138
1140
1142
1147
1151
1157
1159
1164
1169
1188
1190
1192
1201
1220
1234
1237
1241
1245
1252
1253
1258
1260
1266
1267
1271
1275
1276
1279
1288
1299
1302
1305
1306
1307
1308
1316
1317
1324
1325
1327
1339
1343
1345
1375
1376
1383
1386
1387
1389
1391
1408
1409
1414
1416
1420
1425
1428
1433
1435
1456
1458
1473
1483
1503
1505
1509
1512
1513
1516
1518
1521
1525
1528
1531
1534
1535
1536
1543
1548
1554
1560
1561
1585
1586
1588
1589
1598
1601
1609
1611
1623
1626
1628
1640
1641
1642
1644
1645
1654
1656
1668
1670
1671
1679
1686
1695
1698
1708
1712
1716
1718
1720
1732
1750
1755
1757
1758
1766
1774
1777
1788
1790
1795
1796
1798
1809
1811
1814
1818
1826
1830
1834
1836
1840
1841
1844
1855
1858
1863
1867
1871
1880
1882
1883
1887
1891
1892
1895
1900
1902
1903
1904
1906
1920
1926
1935
1938
1949
1950
1956
1958
1969
1970
1972
1980
1985
1988
1989
1991
1994